011010011
011101110
010110000
010100001
011010011
011101111
010110000
000110001
010110000
010100001
011010000
010100011
011010100
011100000
010100100
011010011
011101101
010110000
010100101
011011010
001000101
010000000
100000110
011011111
001000101
010000000
100000100
011011111
010100101
100000001
011011010
010100101
011010000
001000101
010100101
011010010
011100000
010100110
001010110
000000001
010100111
001100111
001100111
001100111
001100111
000010111
010100111
001100111
001100111
000010111
010100111
001100111
000010111
010100111
011010001
000000111
000100110
010100110
010100111
001010111
001010111
001010111
001010111
000010111
010100111
001010111
001010111
000010111
010100111
001010111
000010111
010100111
011011000
011100000
000000111
000100110
011000100
011110100
011110101
010000101
100000000
111010010
010110011
011110011
001110000
111001111
111111111
